3648            
4               
11              
0               
0               
11              
17408           
0               
0               
0               
1025            
32              
2               
6               
0               
1               

// Volume Independent Parameters
1               
0               
0               
0               
0               
0               
0               
0               
0               
1               
20              
5               
50              
10000           
-85             
-80             
-65             
-24             
0               
-96             
-75             
-60             
-19             
-19             
1               
0               
32              
32              
32              
32              
32              
32              
32              
32              
32              
31              
30              
29              
27              
25              
25              
25              
24              
24              
24              
23              
24              
23              
24              
24              
25              
24              
25              
24              
24              
23              
23              
23              
25              
26              
26              
26              
27              
27              
27              
26              
25              
26              
27              
27              
27              
28              
28              
28              
28              
28              
28              
27              
27              
27              
26              
26              
26              
25              
25              
25              
25              
24              
25              
24              
24              
23              
23              
22              
22              
22              
22              
23              
23              
23              
23              
23              
23              
23              
23              
23              
24              
24              
23              
23              
24              
25              
26              
26              
25              
26              
25              
25              
24              
24              
24              
24              
24              
25              
25              
25              
25              
24              
25              
25              
24              
24              
24              
24              
24              
24              
24              
24              
25              
25              
25              
25              
25              
25              
25              
25              
25              
26              
26              
26              
26              
27              
27              
28              
28              
27              
27              
27              
26              
26              
26              
26              
26              
26              
26              
27              
27              
26              
25              
25              
24              
24              
24              
24              
25              
25              
25              
26              
26              
25              
25              
25              
25              
25              
26              
26              
26              
26              
27              
27              
27              
27              
27              
26              
25              
25              
25              
25              
25              
26              
26              
25              
25              
25              
24              
23              
23              
22              
22              
22              
22              
22              
22              
22              
22              
22              
22              
21              
21              
20              
21              
21              
21              
21              
21              
21              
21              
21              
21              
21              
21              
21              
21              
21              
21              
21              
21              
21              
21              
21              
21              
20              
20              
20              
20              
20              
20              
20              
20              
20              
20              
19              
18              
18              
17              
17              
17              
18              
18              
17              
18              
17              
17              
17              
17              
17              
16              
16              
16              
16              
16              
17              
17              
16              
16              
16              
16              
15              
15              
15              
15              
15              
15              
15              
14              
14              
13              
13              
13              
13              
12              
12              
12              
12              
12              
12              
11              
11              
11              
11              
11              
10              
10              
11              
10              
10              
10              
10              
9               
9               
9               
9               
8               
8               
8               
8               
8               
7               
7               
7               
7               
7               
6               
6               
6               
6               
6               
6               
6               
6               
6               
6               
5               
5               
5               
5               
5               
5               
5               
5               
5               
5               
4               
4               
4               
4               
4               
4               
4               
4               
4               
3               
3               
3               
3               
3               
3               
3               
3               
3               
3               
3               
3               
3               
3               
3               
3               
3               
3               
3               
3               
3               
3               
3               
4               
4               
4               
4               
4               
4               
4               
4               
4               
4               
4               
5               
5               
5               
5               
5               
5               
5               
6               
6               
6               
6               
6               
6               
6               
6               
6               
6               
6               
7               
7               
7               
6               
7               
7               
7               
7               
7               
7               
7               
7               
7               
7               
7               
7               
7               
7               
8               
8               
8               
8               
8               
9               
8               
8               
8               
8               
8               
9               
9               
9               
9               
10              
10              
10              
10              
10              
10              
10              
10              
11              
11              
11              
11              
12              
12              
12              
12              
12              
12              
12              
12              
12              
12              
12              
13              
13              
13              
13              
13              
13              
13              
13              
13              
14              
14              
14              
15              
15              
15              
15              
15              
15              
15              
15              
15              
15              
15              
15              
15              
16              
16              
16              
16              
16              
15              
15              
15              
15              
16              
16              
16              
16              
15              
16              
16              
16              
16              
16              
16              
16              
16              
16              
17              
17              
17              
17              
17              
17              
17              
17              
17              
18              
19              
19              
19              
19              
18              
18              
18              
18              
18              
18              
18              
18              
18              
19              
19              
19              
19              
18              
18              
17              
17              
17              
18              
19              
20              
21              
19              
17              
17              
17              
17              
18              
18              
18              
18              
18              
19              
18              
16              
14              
13              
13              
13              
12              
10              
10              
10              
11              
10              
9               
8               
7               
7               
6               
5               
5               
5               
5               
6               
6               
6               
6               
7               
8               
9               
9               
9               
9               
9               
9               
9               
9               
9               
9               
9               
9               
9               
9               
9               
9               
9               
9               
9               
9               
9               
9               
9               
11              
11              
32              
32              
32              
32              
32              
32              
32              
32              
32              
31              
30              
29              
28              
27              
27              
26              
24              
23              
24              
23              
24              
24              
25              
26              
26              
26              
26              
25              
25              
24              
23              
23              
24              
24              
25              
25              
27              
28              
27              
27              
27              
26              
25              
25              
25              
26              
26              
27              
27              
27              
28              
28              
28              
26              
25              
25              
24              
23              
24              
24              
23              
24              
24              
24              
24              
23              
22              
22              
22              
22              
21              
21              
21              
22              
23              
23              
24              
24              
24              
24              
24              
24              
24              
24              
25              
26              
27              
27              
27              
28              
28              
27              
27              
27              
27              
27              
26              
27              
27              
26              
26              
26              
26              
26              
26              
26              
25              
24              
24              
23              
23              
24              
24              
24              
24              
24              
24              
24              
24              
24              
23              
23              
23              
23              
24              
24              
24              
25              
25              
26              
25              
25              
24              
24              
24              
24              
24              
25              
25              
25              
25              
24              
23              
23              
23              
23              
22              
22              
22              
23              
24              
24              
24              
24              
24              
23              
23              
23              
23              
24              
25              
25              
26              
26              
26              
26              
26              
26              
25              
25              
25              
25              
26              
26              
26              
25              
25              
25              
24              
24              
23              
23              
23              
23              
23              
23              
23              
22              
22              
23              
22              
22              
21              
21              
21              
21              
21              
21              
21              
21              
21              
21              
20              
20              
20              
20              
20              
20              
20              
19              
19              
19              
20              
19              
19              
19              
19              
19              
19              
19              
19              
19              
18              
19              
18              
18              
17              
17              
17              
17              
17              
17              
17              
17              
17              
16              
16              
16              
16              
16              
16              
15              
16              
16              
16              
16              
17              
16              
15              
15              
15              
15              
15              
14              
14              
14              
14              
13              
13              
13              
13              
12              
12              
11              
11              
11              
11              
11              
10              
10              
10              
9               
9               
9               
9               
9               
9               
9               
8               
8               
8               
8               
8               
8               
7               
7               
7               
7               
7               
7               
7               
7               
6               
6               
6               
6               
6               
6               
6               
6               
6               
6               
6               
5               
5               
5               
5               
5               
5               
5               
5               
5               
5               
4               
4               
4               
4               
4               
4               
4               
4               
4               
4               
4               
4               
4               
4               
4               
4               
4               
4               
3               
3               
3               
4               
4               
4               
4               
4               
4               
4               
4               
4               
4               
4               
4               
4               
4               
4               
4               
4               
4               
4               
4               
5               
5               
5               
5               
5               
5               
5               
5               
5               
5               
5               
6               
6               
6               
6               
6               
6               
6               
6               
6               
6               
7               
7               
7               
7               
7               
7               
7               
7               
8               
8               
8               
8               
8               
8               
8               
8               
9               
9               
9               
9               
10              
10              
10              
10              
11              
11              
11              
11              
12              
12              
12              
12              
12              
13              
13              
13              
12              
12              
13              
12              
12              
12              
12              
13              
13              
13              
13              
12              
13              
13              
13              
13              
13              
13              
13              
13              
14              
14              
14              
14              
14              
14              
14              
14              
14              
15              
15              
15              
15              
15              
15              
15              
16              
16              
16              
16              
16              
15              
15              
15              
16              
16              
16              
16              
16              
16              
16              
16              
16              
15              
15              
15              
15              
15              
15              
16              
16              
16              
16              
16              
16              
16              
16              
16              
16              
17              
17              
17              
17              
17              
17              
18              
18              
18              
18              
18              
18              
19              
19              
19              
18              
18              
17              
17              
17              
17              
18              
18              
18              
17              
17              
17              
17              
17              
16              
16              
16              
16              
17              
17              
20              
21              
20              
18              
18              
19              
20              
18              
14              
13              
13              
13              
12              
10              
9               
8               
8               
8               
8               
6               
5               
5               
5               
5               
5               
5               
5               
5               
6               
7               
7               
7               
8               
8               
9               
10              
11              
12              
14              
16              
17              
17              
17              
17              
17              
17              
17              
17              
17              
17              
17              
17              
17              
17              
17              
17              
17              
17              
17              
17              
17              
17              
17              
13              
13              
32              
32              
32              
32              
32              
32              
32              
32              
32              
32              
32              
32              
32              
32              
32              
32              
32              
32              
32              
32              
32              
32              
32              
32              
32              
32              
32              
32              
32              
32              
32              
32              
32              
32              
32              
32              
32              
32              
32              
32              
32              
32              
32              
32              
32              
32              
32              
32              
32              
32              
32              
32              
32              
32              
32              
32              
32              
32              
32              
32              
32              
32              
32              
32              
32              
32              
32              
32              
32              
32              
32              
32              
32              
32              
32              
32              
32              
32              
32              
32              
32              
32              
32              
32              
32              
32              
32              
32              
32              
32              
32              
32              
32              
32              
32              
32              
32              
32              
32              
32              
32              
32              
32              
32              
32              
32              
32              
32              
32              
32              
32              
32              
32              
32              
32              
32              
32              
32              
32              
32              
32              
32              
32              
32              
32              
32              
32              
32              
32              
32              
32              
32              
32              
32              
32              
32              
32              
32              
32              
32              
32              
32              
32              
32              
32              
32              
32              
32              
32              
32              
32              
32              
32              
32              
32              
32              
32              
32              
32              
32              
32              
32              
32              
32              
32              
32              
32              
32              
32              
32              
32              
32              
32              
32              
32              
32              
32              
32              
32              
32              
32              
32              
32              
32              
32              
32              
32              
32              
32              
32              
32              
32              
32              
32              
32              
32              
32              
32              
32              
32              
32              
32              
32              
32              
32              
32              
32              
32              
32              
32              
32              
32              
32              
32              
32              
32              
32              
32              
32              
32              
32              
32              
32              
32              
32              
32              
32              
32              
32              
32              
32              
32              
32              
32              
32              
32              
32              
32              
32              
32              
32              
32              
32              
32              
32              
32              
32              
32              
32              
32              
32              
32              
32              
32              
32              
32              
32              
32              
32              
32              
32              
32              
32              
32              
32              
32              
32              
32              
32              
32              
32              
32              
32              
32              
32              
32              
32              
32              
32              
32              
32              
32              
32              
32              
32              
32              
32              
32              
32              
32              
32              
32              
32              
32              
32              
32              
32              
32              
32              
32              
32              
32              
32              
32              
32              
32              
32              
32              
32              
32              
32              
32              
32              
32              
32              
32              
32              
32              
32              
32              
32              
32              
32              
32              
32              
32              
32              
32              
32              
32              
32              
32              
32              
32              
32              
32              
32              
32              
32              
32              
32              
32              
32              
32              
32              
32              
32              
32              
32              
32              
32              
32              
32              
32              
32              
32              
32              
32              
32              
32              
32              
32              
32              
32              
32              
32              
32              
32              
32              
32              
32              
32              
32              
32              
32              
32              
32              
32              
32              
32              
32              
32              
32              
32              
32              
32              
32              
32              
32              
32              
32              
32              
32              
32              
32              
32              
32              
32              
32              
32              
32              
32              
32              
32              
32              
32              
32              
32              
32              
32              
32              
32              
32              
32              
32              
32              
32              
32              
32              
32              
32              
32              
32              
32              
32              
32              
32              
32              
32              
32              
32              
32              
32              
32              
32              
32              
32              
32              
32              
32              
32              
32              
32              
32              
32              
32              
32              
32              
32              
32              
32              
32              
32              
32              
32              
32              
32              
32              
32              
32              
32              
32              
32              
32              
32              
32              
32              
32              
32              
32              
32              
32              
32              
32              
32              
32              
32              
32              
32              
32              
32              
32              
32              
32              
32              
32              
32              
32              
32              
32              
32              
32              
32              
32              
32              
32              
32              
32              
32              
32              
32              
32              
32              
32              
32              
32              
32              
32              
32              
32              
32              
32              
32              
32              
32              
32              
32              
32              
32              
32              
32              
32              
32              
32              
32              
32              
32              
32              
32              
32              
32              
32              
32              
32              
32              
32              
32              
32              
32              
32              
32              
32              
32              
32              
32              
32              
32              
32              
32              
32              
32              
32              
32              
32              
32              
32              
32              
32              
32              
32              
32              
32              
32              
32              
32              
32              
32              
32              
32              
32              
32              
32              
32              
32              
32              
32              
32              
32              
32              
32              
32              
32              
32              
32              
32              
32              
32              
32              
32              
32              
32              
32              
32              
32              
32              
32              
32              
32              
32              
32              
32              
32              
32              
32              
32              
32              
32              
32              
32              
32              
32              
32              
32              
32              
32              
32              
32              
32              
32              
32              
32              
32              
32              
32              
32              
32              
32              
32              
32              
32              
32              
32              
32              
32              
32              
32              
32              
32              
32              
32              
32              
32              
32              
32              
32              
32              
32              
32              
32              
32              
32              
32              
32              
32              
32              
32              
32              
32              
32              
32              
32              
32              
32              
32              
32              
32              
32              
32              
32              
32              
32              
32              
32              
32              
32              
32              
32              
32              
32              
32              
32              
32              
32              
32              
32              
32              
32              
32              
32              
32              
32              
32              
32              
32              
32              
32              
32              
32              
32              
32              
32              
32              
32              
32              
32              
32              
32              
32              
32              
32              
32              
32              
32              
32              
32              
32              
32              
32              
32              
32              
32              
32              
32              
32              
32              
32              
32              
32              
32              
32              
32              
32              
32              
32              
32              
32              
32              
32              
32              
32              
32              
32              
32              
32              
32              
32              
32              
32              
32              
32              
32              
32              
32              
32              
32              
32              
32              
32              
32              
32              
32              
32              
32              
32              
32              
32              
32              
32              
32              
32              
32              
32              
32              
32              
32              
32              
32              
32              
32              
32              
32              
32              
32              
32              
32              
32              
32              
32              
32              
32              
32              
32              
32              
32              
32              
32              
32              
32              
32              
32              
32              
32              
32              
32              
32              
32              
32              
32              
32              
32              
32              
32              
32              
32              
32              
32              
32              
32              
32              
32              
32              
32              
32              
32              
32              
32              
32              
32              
32              
32              
32              
32              
32              
32              
32              
32              
32              
32              
32              
32              
32              
32              
32              
32              
32              
32              
32              
32              
32              
32              
32              
32              
32              
32              
32              
32              
32              
32              
32              
32              
32              
32              
32              
32              
32              
32              
32              
32              
32              
32              
32              
32              
32              
32              
32              
32              
32              
32              
32              
32              
32              
32              
32              
32              
32              
32              
32              
32              
32              
32              
32              
32              
32              
32              
32              
32              
32              
32              
32              
32              
32              
32              
32              
32              
32              
32              
32              
32              
32              
32              
32              
32              
32              
32              
32              
32              
32              
32              
32              
32              
32              
32              
32              
32              
32              
32              
32              
32              
32              
32              
32              
32              
32              
32              
32              
32              
32              
32              
32              
32              
32              
32              
32              
32              
32              
32              
32              
32              
32              
32              
32              
32              
32              
32              
32              
32              
32              
32              
32              
32              
32              
32              
32              
32              
32              
32              
32              
32              
32              
32              
32              
32              
32              
32              
32              
32              
32              
32              
32              
32              
32              
32              
32              
32              
32              
32              
32              
32              
32              
32              
32              
32              
32              
32              
32              
32              
32              
32              
32              
32              
32              
32              
32              
32              
32              
32              
32              
32              
32              
32              
32              
32              
32              
32              
32              
32              
32              
32              
32              
32              
32              
32              
32              
32              
32              
32              
32              
32              
32              
32              
32              
32              
32              
32              
32              
32              
32              
32              
32              
32              
32              
32              
32              
32              
32              
32              
32              
32              
32              
32              
32              
32              
32              
32              
32              
32              
32              
32              
32              
32              
32              
32              
32              
32              
32              
32              
32              
32              
32              
32              
32              
32              
32              
32              
32              
32              
32              
32              
32              
32              
32              
32              
32              
32              
32              
32              
32              
32              
32              
32              
32              
32              
32              
32              
32              
32              
32              
32              
32              
32              
32              
32              
32              
32              
32              
32              
32              
32              
32              
32              
32              
32              
32              
32              
32              
32              
32              
32              
32              
32              
32              
32              
32              
32              
32              
32              
32              
32              
32              
32              
32              
32              
32              
32              
32              
32              
32              
32              
32              
32              
32              
32              
32              
32              
32              
32              
32              
32              
32              
32              
32              
32              
32              
32              
32              
32              
32              
32              
32              
32              
0               
70              
70              
-6              
-6              
-48             
-48             
0               
32767           
33              
40              
100             
0               
-13             
-13             
14745           
-6              
0               
-66             
-69             
-77             
-82             
-81             
-84             
-89             
-90             
-90             
-91             
-92             
-95             
-95             
-96             
-96             
-98             
-97             
-97             
-99             
-99             
-98             
-99             
-99             
-100            
-100            
-100            
-101            
-102            
-102            
-101            
-102            
-102            
-103            
-103            
-103            
-102            
-103            
-103            
-103            
-104            
-104            
-105            
-105            
-104            
-105            
-105            
-104            
-105            
-106            
-105            
-105            
-105            
-105            
-105            
-105            
-105            
-106            
-106            
-106            
-106            
-106            
-107            
-107            
-107            
-106            
-106            
-106            
-106            
-106            
-106            
-106            
-106            
-107            
-107            
-106            
-107            
-107            
-107            
-107            
-107            
-107            
-107            
-106            
-107            
-107            
-107            
-107            
-108            
-107            
-108            
-108            
-107            
-108            
-109            
-108            
-108            
-107            
-108            
-108            
-108            
-108            
-108            
-108            
-109            
-108            
-109            
-109            
-108            
-108            
-109            
-109            
-108            
-108            
-108            
-108            
-108            
-108            
-109            
-108            
-108            
-108            
-108            
-109            
-109            
-109            
-109            
-109            
-109            
-109            
-109            
-108            
-109            
-109            
-109            
-109            
-109            
-109            
-109            
-110            
-109            
-109            
-109            
-109            
-109            
-109            
-108            
-109            
-109            
-109            
-109            
-109            
-109            
-109            
-109            
-108            
-109            
-109            
-109            
-109            
-109            
-110            
-110            
-109            
-110            
-110            
-110            
-110            
-110            
-109            
-110            
-109            
-109            
-109            
-109            
-110            
-109            
-109            
-109            
-109            
-109            
-109            
-109            
-109            
-107            
-109            
-110            
-110            
-110            
-109            
-109            
-110            
-110            
-109            
-109            
-109            
-109            
-109            
-109            
-109            
-109            
-108            
-108            
-110            
-110            
-108            
-106            
-110            
-109            
-110            
-110            
-109            
-109            
-110            
-109            
-109            
-109            
-109            
-109            
-109            
-110            
-110            
-110            
-109            
-109            
-109            
-109            
-109            
-110            
-109            
-110            
-110            
-109            
-110            
-110            
-109            
-110            
-111            
-111            
-110            
-110            
-109            
-110            
-110            
-109            
-109            
-109            
-109            
-109            
-105            
-107            
-110            
-111            
-110            
-110            
-111            
-110            
-109            
-109            
-109            
-108            
-108            
-110            
-110            
-110            
-110            
-111            
-110            
-110            
-110            
-109            
-109            
-110            
-109            
-109            
-110            
-109            
-110            
-109            
-109            
-109            
-109            
-109            
-109            
-108            
-108            
-109            
-109            
-109            
-109            
-109            
-108            
-108            
-108            
-109            
-107            
-108            
-108            
-108            
-107            
-108            
-108            
-108            
-108            
-107            
-107            
-108            
-107            
-107            
-108            
-108            
-108            
-108            
-106            
-106            
-106            
-106            
-106            
-106            
-107            
-106            
-106            
-106            
-105            
-105            
-105            
-105            
-105            
-105            
-105            
-105            
-105            
-105            
-105            
-105            
-105            
-104            
-104            
-104            
-105            
-104            
-103            
-103            
-103            
-104            
-104            
-105            
-104            
-103            
-103            
-103            
-104            
-104            
-104            
-104            
-105            
-105            
-105            
-106            
-105            
-105            
-105            
-105            
-105            
-105            
-106            
-106            
-107            
-106            
-105            
-106            
-107            
-106            
-107            
-106            
-107            
-108            
-107            
-108            
-108            
-107            
-107            
-108            
-108            
-108            
-108            
-108            
-108            
-110            
-109            
-108            
-108            
-108            
-108            
-109            
-109            
-109            
-108            
-110            
-110            
-109            
-108            
-109            
-109            
-109            
-109            
-109            
-110            
-110            
-109            
-109            
-109            
-109            
-110            
-109            
-109            
-109            
-109            
-110            
-110            
-109            
-108            
-109            
-109            
-111            
-111            
-111            
-110            
-110            
-109            
-109            
-110            
-110            
-109            
-109            
-110            
-110            
-110            
-109            
-109            
-110            
-110            
-110            
-110            
-109            
-110            
-110            
-110            
-110            
-110            
-111            
-110            
-110            
-109            
-110            
-109            
-110            
-109            
-109            
-109            
-110            
-110            
-110            
-109            
-109            
-111            
-111            
-109            
-109            
-110            
-110            
-109            
-109            
-110            
-110            
-109            
-110            
-110            
-110            
-109            
-110            
-109            
-110            
-110            
-110            
-111            
-110            
-110            
-110            
-110            
-110            
-111            
-110            
-109            
-111            
-110            
-110            
-109            
-110            
-110            
-110            
-110            
-109            
-111            
-110            
-110            
-110            
-110            
-110            
-111            
-112            
-112            
-113            
-114            
-64             
-68             
-78             
-81             
-81             
-84             
-89             
-89             
-90             
-92             
-93             
-94             
-95             
-96             
-96             
-97             
-98             
-98             
-98             
-99             
-99             
-99             
-99             
-100            
-99             
-99             
-100            
-101            
-102            
-101            
-101            
-101            
-102            
-101            
-102            
-102            
-104            
-104            
-104            
-103            
-104            
-104            
-104            
-104            
-104            
-104            
-105            
-105            
-105            
-104            
-105            
-105            
-105            
-104            
-104            
-106            
-105            
-106            
-106            
-106            
-106            
-106            
-106            
-107            
-106            
-106            
-106            
-106            
-107            
-106            
-107            
-107            
-106            
-107            
-107            
-106            
-107            
-106            
-107            
-107            
-107            
-107            
-107            
-108            
-107            
-107            
-107            
-107            
-107            
-108            
-109            
-107            
-107            
-107            
-107            
-107            
-107            
-107            
-108            
-108            
-108            
-108            
-108            
-108            
-108            
-109            
-108            
-108            
-108            
-108            
-108            
-108            
-107            
-107            
-108            
-109            
-108            
-107            
-108            
-108            
-108            
-108            
-107            
-108            
-107            
-108            
-109            
-109            
-109            
-109            
-108            
-108            
-108            
-108            
-110            
-109            
-109            
-109            
-109            
-109            
-109            
-109            
-109            
-109            
-108            
-109            
-109            
-108            
-109            
-109            
-110            
-109            
-108            
-109            
-109            
-109            
-109            
-109            
-109            
-109            
-109            
-109            
-109            
-110            
-110            
-109            
-109            
-110            
-109            
-109            
-109            
-110            
-109            
-109            
-109            
-109            
-109            
-110            
-109            
-109            
-110            
-109            
-109            
-108            
-108            
-109            
-109            
-109            
-108            
-110            
-109            
-109            
-106            
-109            
-109            
-109            
-108            
-110            
-110            
-110            
-109            
-108            
-108            
-110            
-109            
-110            
-110            
-110            
-108            
-108            
-109            
-110            
-110            
-110            
-110            
-110            
-110            
-109            
-110            
-110            
-110            
-109            
-109            
-110            
-109            
-109            
-110            
-110            
-110            
-110            
-109            
-109            
-110            
-110            
-110            
-110            
-110            
-110            
-109            
-109            
-110            
-109            
-110            
-110            
-109            
-110            
-109            
-110            
-107            
-109            
-110            
-109            
-109            
-110            
-109            
-110            
-109            
-108            
-109            
-108            
-110            
-109            
-109            
-109            
-109            
-109            
-109            
-109            
-109            
-109            
-109            
-109            
-109            
-109            
-109            
-109            
-108            
-108            
-109            
-109            
-108            
-108            
-108            
-109            
-108            
-108            
-108            
-108            
-107            
-108            
-108            
-108            
-107            
-108            
-107            
-107            
-107            
-106            
-105            
-107            
-106            
-108            
-107            
-107            
-107            
-107            
-107            
-106            
-107            
-107            
-106            
-106            
-106            
-106            
-107            
-106            
-105            
-106            
-106            
-105            
-105            
-106            
-106            
-105            
-105            
-105            
-105            
-104            
-105            
-106            
-105            
-104            
-105            
-106            
-105            
-105            
-106            
-106            
-106            
-106            
-106            
-105            
-106            
-106            
-106            
-107            
-104            
-101            
-106            
-107            
-108            
-108            
-107            
-107            
-107            
-107            
-107            
-107            
-107            
-107            
-109            
-109            
-108            
-108            
-108            
-108            
-109            
-109            
-109            
-108            
-109            
-109            
-110            
-109            
-109            
-109            
-109            
-110            
-109            
-108            
-109            
-108            
-110            
-110            
-109            
-109            
-109            
-110            
-110            
-110            
-109            
-109            
-110            
-110            
-110            
-110            
-110            
-110            
-110            
-111            
-111            
-109            
-110            
-110            
-110            
-110            
-110            
-110            
-110            
-110            
-110            
-109            
-109            
-110            
-110            
-110            
-109            
-110            
-109            
-109            
-110            
-110            
-109            
-110            
-109            
-110            
-110            
-109            
-110            
-110            
-111            
-110            
-110            
-110            
-110            
-111            
-111            
-109            
-109            
-110            
-109            
-110            
-110            
-109            
-110            
-110            
-110            
-110            
-111            
-110            
-110            
-110            
-110            
-111            
-110            
-109            
-110            
-110            
-110            
-110            
-110            
-110            
-110            
-110            
-109            
-109            
-109            
-110            
-109            
-109            
-110            
-109            
-110            
-110            
-110            
-110            
-110            
-110            
-110            
-110            
-110            
-109            
-110            
-111            
-111            
-111            
-110            
-110            
-110            
-110            
-111            
-110            
-110            
-111            
-111            
-110            
-110            
-109            
-109            
-110            
-110            
-110            
-109            
-110            
-109            
-110            
-110            
-111            
-111            
-112            
-112            
-113            
-113            
0               
1638            
655             
9830            
300             
300             
0               
-15             
0               
-4              
0               
-15             
0               
6               
-20             
-3              
2344            
4687            
0               
0               
0               
32767           
0               
-20             
0               
0               
15500           
0               
150             
6               
0               
7000            
200             
0               
8500            
300             
0               
2000            
500             
0               
4300            
500             
0               
12000           
200             
0               
15500           
200             
0               
9306            
400             
-7782           
13105           
800             
973             
13857           
1000            
0               
15005           
100             
2               
0               
200             
100             
-16             
2000            
100             
-16             
0               
2               
1               
20              
5               
0               
20              
0               
0               
20              
3000            
-90             
-65             
-45             
-23             
0               
-96             
-65             
-42             
-18             
-18             
0               
-13             
1               
4000            
5               
0               
20              
0               
0               
20              
3000            
-90             
-65             
-45             
-25             
0               
-96             
-65             
-42             
-20             
-20             
0               
-13             
0               
20              
2               
1               
20              
0               
0               
10000           
10000           
-96             
0               
0               
0               
0               
-96             
0               
0               
0               
0               
1               
0               
0               
20              
2               
1               
20              
0               
0               
10000           
10000           
-96             
0               
0               
0               
0               
-96             
0               
0               
0               
0               
1               
0               
0               
20              
2               
1               
20              
0               
0               
10000           
10000           
-96             
0               
0               
0               
0               
-96             
0               
0               
0               
0               
1               
0               
1               
20              
5               
0               
20              
0               
0               
20              
3000            
-96             
-60             
-40             
-15             
0               
-96             
-60             
-40             
-15             
-15             
0               
-13             
1               
-2              
15              
0               
27233           
20              
0               
0               
0               
0               
0               
0               
0               
0               
165             
0               
0               
0               
0               
0               
0               
0               
0               
1               
2               
1               
-20             
-20             
-40             
-20             
-76             
-31             
0               
15              
96              
86              
6826            
6826            
6826            
6826            
6826            
6826            
6826            
6826            
6826            
6826            

// Volume 0
