3648            
4               
11              
0               
0               
11              
17408           
0               
0               
0               
1025            
32              
2               
5               
0               
1               

// Volume Independent Parameters
1               
0               
0               
0               
0               
4               
4               
0               
0               
1               
20              
4               
50              
10000           
-96             
-26             
-6              
0               
0               
-96             
-26             
-20             
-18             
0               
1               
15              
32              
32              
32              
32              
32              
32              
32              
32              
32              
30              
29              
27              
25              
24              
24              
23              
22              
23              
23              
22              
22              
22              
22              
23              
23              
23              
23              
24              
24              
24              
24              
24              
24              
24              
24              
23              
24              
24              
24              
25              
24              
24              
25              
25              
25              
26              
27              
28              
29              
30              
30              
31              
32              
33              
33              
36              
35              
36              
36              
37              
39              
39              
39              
39              
39              
38              
37              
36              
36              
35              
35              
35              
36              
35              
35              
35              
35              
34              
32              
32              
31              
31              
30              
29              
29              
30              
30              
31              
31              
32              
32              
31              
31              
32              
30              
29              
29              
28              
29              
28              
28              
28              
28              
28              
28              
27              
27              
25              
24              
23              
22              
22              
21              
21              
21              
20              
20              
20              
19              
19              
19              
18              
17              
17              
16              
16              
16              
16              
16              
16              
16              
16              
16              
16              
16              
16              
16              
16              
15              
16              
16              
16              
16              
16              
16              
16              
16              
16              
16              
16              
16              
16              
16              
16              
16              
17              
16              
16              
17              
17              
16              
16              
16              
17              
17              
16              
17              
16              
16              
16              
15              
15              
15              
15              
15              
15              
15              
15              
15              
14              
14              
14              
14              
14              
14              
14              
14              
14              
14              
14              
14              
14              
14              
14              
14              
13              
13              
13              
13              
13              
13              
13              
13              
13              
13              
13              
12              
12              
12              
12              
12              
12              
12              
12              
12              
12              
12              
12              
12              
12              
13              
13              
13              
13              
13              
13              
13              
13              
13              
12              
12              
11              
11              
11              
11              
11              
11              
11              
10              
10              
10              
10              
9               
9               
9               
9               
9               
9               
9               
9               
9               
9               
9               
9               
9               
9               
9               
8               
8               
9               
9               
9               
9               
9               
9               
9               
9               
9               
9               
9               
8               
9               
8               
9               
9               
9               
8               
8               
8               
8               
8               
8               
8               
8               
7               
7               
7               
7               
7               
7               
7               
7               
6               
6               
6               
6               
6               
6               
6               
6               
6               
5               
5               
5               
5               
5               
5               
4               
4               
4               
4               
4               
4               
4               
4               
3               
3               
3               
3               
3               
3               
3               
3               
3               
3               
3               
2               
2               
2               
2               
2               
2               
2               
2               
2               
2               
2               
2               
2               
2               
2               
2               
2               
2               
2               
2               
2               
2               
2               
2               
2               
2               
2               
2               
3               
3               
3               
3               
3               
3               
3               
3               
3               
3               
3               
3               
3               
3               
4               
4               
4               
4               
4               
4               
4               
5               
5               
5               
5               
5               
5               
5               
5               
5               
5               
6               
6               
6               
6               
6               
6               
6               
6               
6               
6               
6               
6               
6               
7               
7               
7               
7               
7               
7               
7               
7               
7               
7               
7               
7               
7               
7               
7               
7               
7               
7               
7               
7               
7               
7               
7               
7               
7               
7               
7               
7               
7               
7               
7               
7               
7               
7               
7               
7               
8               
8               
8               
7               
7               
7               
8               
8               
8               
8               
8               
8               
8               
9               
8               
8               
8               
9               
9               
9               
9               
9               
9               
9               
9               
9               
9               
9               
8               
8               
8               
9               
9               
8               
9               
9               
8               
8               
8               
8               
8               
8               
8               
8               
8               
8               
9               
9               
9               
9               
9               
9               
9               
10              
10              
10              
11              
11              
11              
11              
11              
12              
12              
12              
12              
12              
13              
13              
13              
14              
14              
15              
15              
15              
15              
15              
15              
16              
16              
19              
22              
26              
25              
22              
18              
16              
14              
13              
12              
11              
11              
11              
10              
10              
10              
10              
10              
11              
11              
12              
12              
12              
11              
10              
9               
8               
7               
6               
6               
5               
4               
4               
4               
3               
3               
3               
3               
3               
3               
3               
3               
3               
3               
3               
3               
3               
3               
3               
3               
3               
3               
3               
3               
3               
3               
3               
3               
3               
3               
3               
3               
3               
3               
3               
7               
7               
32              
32              
32              
32              
32              
32              
32              
32              
32              
31              
29              
27              
25              
23              
23              
22              
21              
21              
21              
21              
21              
21              
21              
22              
22              
21              
20              
21              
20              
20              
20              
21              
22              
22              
23              
23              
23              
24              
24              
25              
24              
24              
24              
24              
24              
25              
27              
28              
30              
31              
32              
32              
33              
33              
33              
34              
33              
33              
33              
33              
34              
35              
36              
37              
38              
39              
39              
38              
39              
38              
37              
37              
35              
35              
35              
35              
36              
36              
36              
36              
34              
34              
33              
32              
31              
31              
30              
30              
30              
29              
29              
30              
30              
30              
29              
29              
29              
29              
29              
28              
28              
28              
27              
27              
27              
27              
27              
26              
24              
24              
23              
23              
23              
21              
21              
20              
20              
20              
20              
19              
19              
19              
19              
19              
18              
17              
17              
16              
17              
17              
16              
16              
16              
17              
16              
16              
16              
15              
15              
15              
15              
15              
15              
15              
15              
15              
14              
15              
14              
14              
14              
14              
14              
14              
14              
14              
14              
14              
14              
14              
13              
13              
13              
13              
13              
13              
13              
14              
14              
15              
14              
14              
14              
14              
14              
13              
13              
13              
13              
14              
14              
13              
13              
13              
14              
14              
13              
13              
13              
13              
13              
13              
13              
13              
13              
13              
13              
13              
13              
13              
12              
12              
12              
12              
13              
13              
13              
13              
13              
12              
12              
12              
12              
12              
12              
12              
12              
12              
13              
13              
12              
12              
12              
12              
11              
11              
11              
11              
10              
10              
10              
10              
10              
9               
9               
9               
9               
8               
8               
8               
8               
8               
8               
8               
8               
8               
7               
7               
7               
7               
7               
7               
6               
6               
6               
6               
6               
6               
6               
6               
6               
5               
5               
5               
5               
5               
5               
5               
5               
5               
5               
5               
5               
5               
5               
5               
5               
5               
5               
5               
4               
4               
4               
4               
4               
4               
4               
4               
4               
4               
4               
4               
4               
4               
3               
3               
3               
3               
3               
3               
3               
3               
3               
3               
3               
3               
3               
3               
2               
2               
2               
2               
2               
2               
2               
2               
2               
2               
2               
2               
2               
2               
2               
2               
2               
2               
2               
2               
2               
2               
2               
2               
2               
2               
2               
2               
2               
2               
2               
2               
2               
2               
2               
2               
2               
3               
3               
3               
3               
3               
3               
3               
3               
3               
3               
3               
3               
4               
4               
4               
4               
4               
4               
4               
4               
4               
5               
5               
5               
5               
5               
5               
5               
6               
6               
6               
6               
6               
7               
7               
7               
8               
8               
8               
8               
9               
9               
9               
9               
10              
11              
11              
12              
12              
12              
13              
13              
13              
13              
12              
13              
13              
12              
13              
13              
13              
13              
13              
13              
13              
13              
13              
13              
12              
12              
12              
12              
12              
12              
12              
12              
12              
12              
11              
11              
11              
11              
11              
11              
11              
11              
11              
11              
11              
11              
11              
11              
11              
11              
11              
11              
12              
12              
12              
13              
12              
12              
12              
12              
12              
12              
12              
12              
12              
13              
13              
13              
13              
13              
12              
12              
12              
12              
12              
12              
13              
13              
13              
13              
13              
12              
12              
12              
12              
12              
12              
12              
12              
12              
12              
12              
12              
12              
12              
12              
12              
12              
13              
13              
13              
14              
14              
14              
14              
13              
13              
13              
13              
13              
13              
13              
13              
13              
14              
14              
13              
13              
13              
13              
13              
13              
13              
14              
15              
17              
21              
23              
22              
19              
16              
14              
13              
11              
10              
11              
10              
10              
11              
11              
11              
13              
15              
15              
14              
14              
14              
14              
12              
11              
9               
9               
8               
7               
6               
6               
5               
5               
5               
4               
4               
4               
4               
3               
3               
4               
4               
4               
4               
4               
4               
4               
4               
4               
4               
4               
4               
4               
4               
4               
4               
4               
4               
4               
4               
4               
4               
4               
4               
8               
8               
32              
32              
32              
32              
32              
32              
32              
32              
32              
32              
32              
32              
32              
32              
32              
32              
32              
32              
32              
32              
32              
32              
32              
32              
32              
32              
32              
32              
32              
32              
32              
32              
32              
32              
32              
32              
32              
32              
32              
32              
32              
32              
32              
32              
32              
32              
32              
32              
32              
32              
32              
32              
32              
32              
32              
32              
32              
32              
32              
32              
32              
32              
32              
32              
32              
32              
32              
32              
32              
32              
32              
32              
32              
32              
32              
32              
32              
32              
32              
32              
32              
32              
32              
32              
32              
32              
32              
32              
32              
32              
32              
32              
32              
32              
32              
32              
32              
32              
32              
32              
32              
32              
32              
32              
32              
32              
32              
32              
32              
32              
32              
32              
32              
32              
32              
32              
32              
32              
32              
32              
32              
32              
32              
32              
32              
32              
32              
32              
32              
32              
32              
32              
32              
32              
32              
32              
32              
32              
32              
32              
32              
32              
32              
32              
32              
32              
32              
32              
32              
32              
32              
32              
32              
32              
32              
32              
32              
32              
32              
32              
32              
32              
32              
32              
32              
32              
32              
32              
32              
32              
32              
32              
32              
32              
32              
32              
32              
32              
32              
32              
32              
32              
32              
32              
32              
32              
32              
32              
32              
32              
32              
32              
32              
32              
32              
32              
32              
32              
32              
32              
32              
32              
32              
32              
32              
32              
32              
32              
32              
32              
32              
32              
32              
32              
32              
32              
32              
32              
32              
32              
32              
32              
32              
32              
32              
32              
32              
32              
32              
32              
32              
32              
32              
32              
32              
32              
32              
32              
32              
32              
32              
32              
32              
32              
32              
32              
32              
32              
32              
32              
32              
32              
32              
32              
32              
32              
32              
32              
32              
32              
32              
32              
32              
32              
32              
32              
32              
32              
32              
32              
32              
32              
32              
32              
32              
32              
32              
32              
32              
32              
32              
32              
32              
32              
32              
32              
32              
32              
32              
32              
32              
32              
32              
32              
32              
32              
32              
32              
32              
32              
32              
32              
32              
32              
32              
32              
32              
32              
32              
32              
32              
32              
32              
32              
32              
32              
32              
32              
32              
32              
32              
32              
32              
32              
32              
32              
32              
32              
32              
32              
32              
32              
32              
32              
32              
32              
32              
32              
32              
32              
32              
32              
32              
32              
32              
32              
32              
32              
32              
32              
32              
32              
32              
32              
32              
32              
32              
32              
32              
32              
32              
32              
32              
32              
32              
32              
32              
32              
32              
32              
32              
32              
32              
32              
32              
32              
32              
32              
32              
32              
32              
32              
32              
32              
32              
32              
32              
32              
32              
32              
32              
32              
32              
32              
32              
32              
32              
32              
32              
32              
32              
32              
32              
32              
32              
32              
32              
32              
32              
32              
32              
32              
32              
32              
32              
32              
32              
32              
32              
32              
32              
32              
32              
32              
32              
32              
32              
32              
32              
32              
32              
32              
32              
32              
32              
32              
32              
32              
32              
32              
32              
32              
32              
32              
32              
32              
32              
32              
32              
32              
32              
32              
32              
32              
32              
32              
32              
32              
32              
32              
32              
32              
32              
32              
32              
32              
32              
32              
32              
32              
32              
32              
32              
32              
32              
32              
32              
32              
32              
32              
32              
32              
32              
32              
32              
32              
32              
32              
32              
32              
32              
32              
32              
32              
32              
32              
32              
32              
32              
32              
32              
32              
32              
32              
32              
32              
32              
32              
32              
32              
32              
32              
32              
32              
32              
32              
32              
32              
32              
32              
32              
32              
32              
32              
32              
32              
32              
32              
32              
32              
32              
32              
32              
32              
32              
32              
32              
32              
32              
32              
32              
32              
32              
32              
32              
32              
32              
32              
32              
32              
32              
32              
32              
32              
32              
32              
32              
32              
32              
32              
32              
32              
32              
32              
32              
32              
32              
32              
32              
32              
32              
32              
32              
32              
32              
32              
32              
32              
32              
32              
32              
32              
32              
32              
32              
32              
32              
32              
32              
32              
32              
32              
32              
32              
32              
32              
32              
32              
32              
32              
32              
32              
32              
32              
32              
32              
32              
32              
32              
32              
32              
32              
32              
32              
32              
32              
32              
32              
32              
32              
32              
32              
32              
32              
32              
32              
32              
32              
32              
32              
32              
32              
32              
32              
32              
32              
32              
32              
32              
32              
32              
32              
32              
32              
32              
32              
32              
32              
32              
32              
32              
32              
32              
32              
32              
32              
32              
32              
32              
32              
32              
32              
32              
32              
32              
32              
32              
32              
32              
32              
32              
32              
32              
32              
32              
32              
32              
32              
32              
32              
32              
32              
32              
32              
32              
32              
32              
32              
32              
32              
32              
32              
32              
32              
32              
32              
32              
32              
32              
32              
32              
32              
32              
32              
32              
32              
32              
32              
32              
32              
32              
32              
32              
32              
32              
32              
32              
32              
32              
32              
32              
32              
32              
32              
32              
32              
32              
32              
32              
32              
32              
32              
32              
32              
32              
32              
32              
32              
32              
32              
32              
32              
32              
32              
32              
32              
32              
32              
32              
32              
32              
32              
32              
32              
32              
32              
32              
32              
32              
32              
32              
32              
32              
32              
32              
32              
32              
32              
32              
32              
32              
32              
32              
32              
32              
32              
32              
32              
32              
32              
32              
32              
32              
32              
32              
32              
32              
32              
32              
32              
32              
32              
32              
32              
32              
32              
32              
32              
32              
32              
32              
32              
32              
32              
32              
32              
32              
32              
32              
32              
32              
32              
32              
32              
32              
32              
32              
32              
32              
32              
32              
32              
32              
32              
32              
32              
32              
32              
32              
32              
32              
32              
32              
32              
32              
32              
32              
32              
32              
32              
32              
32              
32              
32              
32              
32              
32              
32              
32              
32              
32              
32              
32              
32              
32              
32              
32              
32              
32              
32              
32              
32              
32              
32              
32              
32              
32              
32              
32              
32              
32              
32              
32              
32              
32              
32              
32              
32              
32              
32              
32              
32              
32              
32              
32              
32              
32              
32              
32              
32              
32              
32              
32              
32              
32              
32              
32              
32              
32              
32              
32              
32              
32              
32              
32              
32              
32              
32              
32              
32              
32              
32              
32              
32              
32              
32              
32              
32              
32              
32              
32              
32              
32              
32              
32              
32              
32              
32              
32              
32              
32              
32              
32              
32              
32              
32              
32              
32              
32              
32              
32              
32              
32              
32              
32              
32              
32              
32              
32              
32              
32              
32              
32              
32              
32              
32              
32              
32              
32              
32              
32              
32              
32              
32              
32              
32              
32              
32              
32              
32              
32              
32              
32              
32              
32              
32              
32              
32              
32              
32              
32              
32              
32              
32              
32              
32              
32              
32              
32              
32              
32              
32              
32              
32              
32              
32              
32              
32              
32              
32              
32              
32              
32              
32              
32              
32              
32              
32              
32              
32              
32              
32              
32              
32              
32              
32              
32              
32              
32              
32              
32              
32              
32              
32              
32              
32              
32              
32              
32              
32              
32              
32              
32              
32              
32              
32              
32              
32              
32              
32              
32              
32              
32              
32              
32              
32              
32              
32              
32              
32              
32              
32              
32              
32              
32              
32              
32              
32              
32              
32              
32              
32              
32              
32              
32              
32              
32              
32              
32              
32              
32              
32              
32              
32              
32              
32              
32              
32              
32              
32              
32              
32              
32              
32              
32              
32              
32              
32              
32              
32              
32              
32              
32              
32              
32              
32              
32              
32              
32              
32              
32              
32              
32              
32              
32              
32              
32              
32              
32              
32              
32              
32              
32              
32              
32              
32              
32              
32              
32              
32              
32              
32              
32              
32              
32              
32              
32              
32              
32              
32              
32              
32              
32              
32              
32              
32              
32              
32              
32              
32              
32              
32              
32              
32              
32              
32              
32              
32              
32              
32              
32              
32              
32              
32              
32              
32              
32              
32              
32              
32              
0               
70              
70              
-6              
-6              
-48             
-48             
0               
32767           
33              
40              
100             
1               
-2              
-2              
14745           
-8              
6               
-117            
-116            
-115            
-115            
-111            
-94             
-92             
-94             
-92             
-92             
-91             
-93             
-93             
-93             
-96             
-101            
-101            
-97             
-100            
-103            
-101            
-97             
-98             
-102            
-103            
-104            
-103            
-104            
-104            
-103            
-101            
-103            
-105            
-105            
-104            
-106            
-106            
-105            
-104            
-107            
-106            
-105            
-104            
-106            
-107            
-108            
-108            
-107            
-108            
-108            
-108            
-108            
-109            
-109            
-110            
-110            
-110            
-109            
-109            
-110            
-109            
-110            
-109            
-110            
-109            
-109            
-109            
-110            
-109            
-110            
-110            
-110            
-110            
-110            
-110            
-110            
-111            
-111            
-111            
-110            
-110            
-110            
-111            
-111            
-111            
-111            
-110            
-111            
-111            
-111            
-111            
-111            
-110            
-111            
-111            
-110            
-111            
-111            
-110            
-109            
-110            
-110            
-111            
-111            
-111            
-112            
-111            
-111            
-111            
-112            
-111            
-111            
-110            
-110            
-111            
-111            
-111            
-112            
-112            
-111            
-111            
-111            
-111            
-112            
-112            
-112            
-111            
-111            
-111            
-112            
-112            
-111            
-111            
-112            
-112            
-112            
-112            
-112            
-112            
-112            
-111            
-112            
-112            
-112            
-112            
-112            
-111            
-112            
-112            
-112            
-112            
-112            
-112            
-112            
-112            
-112            
-111            
-112            
-111            
-112            
-111            
-112            
-112            
-111            
-111            
-111            
-111            
-112            
-111            
-112            
-111            
-111            
-112            
-112            
-112            
-111            
-112            
-112            
-112            
-109            
-111            
-111            
-111            
-111            
-111            
-112            
-112            
-111            
-109            
-110            
-110            
-111            
-110            
-110            
-110            
-111            
-111            
-111            
-110            
-111            
-111            
-111            
-111            
-110            
-111            
-111            
-111            
-111            
-111            
-110            
-110            
-111            
-112            
-111            
-111            
-111            
-111            
-111            
-111            
-111            
-111            
-110            
-110            
-111            
-111            
-112            
-111            
-110            
-110            
-112            
-111            
-110            
-108            
-111            
-111            
-110            
-111            
-111            
-111            
-110            
-110            
-110            
-111            
-111            
-111            
-110            
-110            
-111            
-111            
-111            
-111            
-110            
-111            
-111            
-111            
-110            
-111            
-111            
-111            
-110            
-110            
-110            
-111            
-110            
-109            
-109            
-111            
-111            
-110            
-111            
-111            
-110            
-110            
-109            
-110            
-111            
-110            
-109            
-110            
-109            
-109            
-109            
-109            
-109            
-108            
-110            
-109            
-109            
-109            
-109            
-108            
-109            
-109            
-108            
-107            
-109            
-109            
-108            
-108            
-108            
-108            
-108            
-107            
-107            
-107            
-107            
-107            
-106            
-106            
-107            
-107            
-106            
-106            
-107            
-106            
-105            
-105            
-106            
-105            
-104            
-105            
-104            
-103            
-104            
-104            
-104            
-104            
-104            
-105            
-104            
-103            
-103            
-102            
-102            
-103            
-103            
-102            
-102            
-102            
-101            
-102            
-103            
-102            
-102            
-102            
-103            
-103            
-103            
-102            
-102            
-104            
-104            
-104            
-104            
-104            
-104            
-104            
-104            
-103            
-104            
-104            
-105            
-105            
-105            
-105            
-105            
-106            
-106            
-106            
-106            
-107            
-107            
-107            
-107            
-107            
-108            
-108            
-107            
-108            
-108            
-107            
-107            
-107            
-107            
-108            
-108            
-108            
-108            
-108            
-108            
-108            
-109            
-108            
-109            
-109            
-109            
-110            
-110            
-110            
-109            
-109            
-110            
-109            
-110            
-109            
-109            
-110            
-110            
-111            
-110            
-109            
-109            
-109            
-110            
-110            
-110            
-110            
-109            
-110            
-109            
-110            
-110            
-110            
-110            
-109            
-110            
-110            
-111            
-111            
-110            
-110            
-110            
-110            
-111            
-111            
-110            
-111            
-111            
-111            
-111            
-111            
-111            
-111            
-112            
-111            
-110            
-110            
-110            
-110            
-110            
-111            
-111            
-111            
-111            
-110            
-110            
-111            
-111            
-110            
-111            
-110            
-111            
-110            
-111            
-112            
-111            
-111            
-111            
-111            
-111            
-111            
-111            
-111            
-111            
-111            
-112            
-111            
-111            
-111            
-110            
-111            
-111            
-111            
-110            
-110            
-111            
-111            
-111            
-111            
-112            
-111            
-111            
-112            
-111            
-110            
-111            
-111            
-112            
-112            
-111            
-111            
-112            
-111            
-111            
-112            
-112            
-112            
-113            
-112            
-112            
-114            
-114            
-114            
-116            
-115            
-116            
-115            
-113            
-96             
-93             
-95             
-92             
-92             
-90             
-94             
-95             
-95             
-99             
-102            
-101            
-97             
-100            
-103            
-101            
-96             
-98             
-103            
-103            
-103            
-105            
-105            
-104            
-105            
-105            
-105            
-106            
-106            
-104            
-106            
-105            
-104            
-104            
-103            
-106            
-105            
-104            
-104            
-106            
-107            
-105            
-105            
-106            
-108            
-108            
-109            
-110            
-110            
-110            
-109            
-110            
-110            
-110            
-110            
-110            
-110            
-110            
-109            
-110            
-108            
-109            
-110            
-110            
-110            
-110            
-110            
-110            
-111            
-110            
-110            
-111            
-110            
-111            
-111            
-110            
-110            
-110            
-111            
-110            
-110            
-111            
-111            
-111            
-111            
-111            
-110            
-110            
-110            
-110            
-111            
-111            
-111            
-110            
-109            
-110            
-111            
-111            
-111            
-111            
-111            
-110            
-111            
-111            
-111            
-110            
-110            
-111            
-111            
-110            
-111            
-109            
-111            
-110            
-111            
-111            
-110            
-110            
-110            
-111            
-112            
-112            
-111            
-111            
-111            
-111            
-111            
-112            
-112            
-111            
-111            
-111            
-111            
-110            
-111            
-112            
-111            
-111            
-111            
-112            
-111            
-111            
-111            
-111            
-111            
-112            
-112            
-111            
-112            
-112            
-111            
-111            
-111            
-111            
-111            
-111            
-112            
-111            
-112            
-112            
-111            
-111            
-111            
-112            
-112            
-111            
-111            
-112            
-111            
-111            
-111            
-112            
-112            
-111            
-111            
-111            
-111            
-112            
-108            
-109            
-111            
-111            
-110            
-109            
-110            
-111            
-111            
-109            
-110            
-111            
-110            
-110            
-111            
-111            
-111            
-110            
-110            
-110            
-111            
-110            
-110            
-111            
-110            
-111            
-109            
-109            
-111            
-112            
-111            
-111            
-110            
-110            
-109            
-110            
-110            
-110            
-110            
-110            
-110            
-109            
-108            
-108            
-109            
-109            
-109            
-110            
-109            
-109            
-111            
-110            
-110            
-110            
-110            
-110            
-110            
-111            
-110            
-111            
-110            
-110            
-110            
-108            
-109            
-110            
-110            
-109            
-109            
-109            
-109            
-109            
-110            
-110            
-110            
-109            
-109            
-109            
-107            
-109            
-109            
-109            
-108            
-109            
-109            
-107            
-109            
-109            
-108            
-109            
-109            
-109            
-106            
-107            
-107            
-107            
-107            
-106            
-107            
-106            
-105            
-107            
-107            
-107            
-106            
-108            
-107            
-106            
-106            
-107            
-106            
-105            
-106            
-105            
-102            
-104            
-104            
-104            
-105            
-104            
-104            
-105            
-104            
-103            
-103            
-103            
-102            
-102            
-103            
-103            
-103            
-103            
-101            
-101            
-101            
-100            
-100            
-101            
-100            
-100            
-99             
-99             
-100            
-98             
-100            
-100            
-100            
-100            
-101            
-101            
-101            
-101            
-101            
-102            
-101            
-101            
-101            
-100            
-102            
-102            
-102            
-103            
-103            
-103            
-103            
-104            
-103            
-105            
-104            
-104            
-105            
-105            
-105            
-105            
-105            
-105            
-106            
-106            
-107            
-106            
-106            
-106            
-107            
-107            
-107            
-107            
-107            
-108            
-108            
-108            
-107            
-107            
-108            
-108            
-107            
-108            
-108            
-108            
-107            
-108            
-109            
-108            
-108            
-109            
-108            
-109            
-108            
-108            
-108            
-108            
-109            
-108            
-109            
-110            
-109            
-109            
-109            
-109            
-109            
-109            
-110            
-110            
-109            
-109            
-109            
-109            
-110            
-110            
-110            
-109            
-110            
-110            
-110            
-110            
-110            
-110            
-110            
-111            
-111            
-111            
-111            
-112            
-111            
-110            
-110            
-110            
-111            
-112            
-111            
-111            
-111            
-111            
-111            
-111            
-110            
-111            
-111            
-112            
-111            
-110            
-110            
-110            
-110            
-110            
-111            
-111            
-111            
-111            
-111            
-111            
-110            
-111            
-111            
-111            
-111            
-110            
-111            
-110            
-110            
-111            
-110            
-110            
-109            
-110            
-111            
-111            
-111            
-111            
-111            
-110            
-109            
-109            
-110            
-109            
-109            
-110            
-109            
-109            
-109            
-109            
-109            
-109            
-109            
-110            
-110            
-109            
-110            
-110            
-111            
-111            
-111            
-109            
-110            
-111            
-110            
-111            
-111            
-110            
-110            
-110            
-110            
-110            
-110            
-111            
-111            
-111            
-111            
-113            
-113            
-114            
0               
1638            
655             
9830            
300             
300             
0               
-15             
0               
-4              
0               
-15             
0               
6               
-20             
-3              
2344            
4687            
0               
0               
0               
32767           
0               
-20             
1               
0               
20              
0               
20              
1               
0               
7000            
200             
-2048           
8500            
300             
-2048           
2000            
300             
-1536           
4300            
500             
-5120           
12000           
200             
-5632           
15500           
200             
-1024           
1000            
100             
-1024           
350             
100             
973             
13857           
1000            
0               
15005           
100             
2               
0               
200             
100             
-16             
2000            
100             
-16             
1               
1               
1               
20              
3               
0               
20              
0               
0               
10              
2000            
-96             
-80             
0               
0               
0               
-96             
-80             
0               
0               
0               
0               
0               
1               
700             
2               
0               
20              
0               
0               
2000            
2000            
-96             
0               
0               
0               
0               
-96             
0               
0               
0               
0               
1               
0               
1               
20              
2               
1               
20              
0               
0               
10000           
10000           
-96             
0               
0               
0               
0               
-96             
0               
0               
0               
0               
1               
0               
1               
20              
2               
1               
20              
0               
0               
10000           
10000           
-96             
0               
0               
0               
0               
-96             
0               
0               
0               
0               
1               
0               
1               
20              
2               
1               
20              
0               
0               
10000           
10000           
-96             
0               
0               
0               
0               
-96             
0               
0               
0               
0               
1               
0               
1               
20              
5               
0               
20              
0               
0               
50              
2000            
-96             
-75             
-50             
-16             
0               
-96             
-75             
-50             
-16             
-15             
0               
0               
1               
-1              
12              
0               
27233           
20              
0               
0               
0               
0               
0               
0               
0               
0               
165             
0               
0               
0               
0               
0               
0               
0               
0               
1               
2               
1               
-20             
-20             
-40             
-20             
-76             
-31             
0               
15              
96              
86              
6826            
6826            
6826            
6826            
6826            
6826            
6826            
6826            
6826            
6826            

// Volume 0
